image_00000 302 223 327 249
image_00001 302 225 327 253
image_00002 304 226 328 253
image_00003 298 213 329 253
image_00004 301 221 330 254
image_00005 303 217 335 253
image_00006 304 218 331 253
image_00007 304 219 331 255
image_00008 303 218 332 256
image_00009 304 217 333 254
image_00010 302 213 335 257
image_00011 299 212 337 257
image_00012 291 211 337 258
image_00013 300 211 337 256
image_00014 297 212 334 255
image_00015 303 213 334 258
image_00016 303 209 340 258
image_00017 302 208 337 258
image_00018 300 210 340 258
image_00019 295 207 344 256
image_00020 296 204 347 255
image_00021 294 206 353 255
image_00022 297 204 351 256
image_00023 295 206 350 257
image_00024 295 207 348 256
image_00025 295 206 352 255
image_00026 295 206 351 255
image_00027 291 204 351 256
image_00028 294 208 353 256
image_00029 295 207 356 255
image_00030 293 207 351 257
image_00031 293 205 352 254
image_00032 314 205 361 255
image_00033 315 205 357 257
image_00034 316 206 361 256
image_00035 316 207 360 257
image_00036 324 209 362 260
image_00037 318 208 358 255
image_00038 322 209 357 254
image_00039 324 211 358 255
image_00040 323 209 360 257
image_00041 320 209 360 258
image_00042 322 210 358 255
image_00043 325 210 359 251
image_00044 324 197 356 231
image_00045 326 200 358 232
image_00046 324 200 357 230
image_00047 330 201 359 227
image_00048 331 200 357 229
image_00049 339 201 357 225
image_00050 337 199 359 229
image_00051 336 200 356 227
image_00052 339 201 356 227
image_00053 340 203 358 226
image_00054 339 201 357 227
image_00055 339 198 358 225
image_00056 337 200 359 223
image_00057 339 201 357 223
image_00058 341 202 360 224
image_00059 340 201 356 222
image_00060 337 199 353 220
image_00061 336 198 356 223
image_00062 336 196 358 222
image_00063 339 199 351 217
